
operater=[
0 0 0 0;
0 0 0 1;
0 0 1 0;
0 0 1 1;];
      
BCD=[
0 1 0 0;
0 1 0 1;
0 1 1 0;
0 1 1 1;
1 0 0 0;
1 0 0 1;
1 0 1 0;
1 0 1 1;
1 1 0 0;
1 1 0 1; 
];